dataset: ""
car: ""
parent_frame_id: NOVATEL
child_frame_id: VLP_FRONT_LEFT
x: -0.5110691710699785
y: 1.294507998807411
z: 1.058863152171736
qw: 0.6841259039985382
qx: -0.1481026402591595
qy: -0.1466052030634357
qz: 0.6989594193235954
