dataset: ""
car: ""
parent_frame_id: NOVATEL
child_frame_id: LIDAR_GENERAL
x: 0.006770637450557716
y: 1.120745266150385
z: 1.263767774130886
qw: 0.02778453865460296
qx: 0.002835315364974217
qy: 0.001458102465311627
qz: 0.9996088506689668