dataset: 20200527
car: magotan1
coord: CAMERA_FRONT_RIGHT
model: FISHEYE
fx: 951.4997123509712
fy: 951.868500324709
cx: 958.7906858212722
cy: 548.1028152935486
skew: 0
k1: -0.03984178035217833
k2: -0.000334135538792196
p1: 0
p2: 0
k3: 0.0003914956812858014
k4: -0.001448518741649312
k5: 0
k6: 0
width: 1920
height: 1020
