dataset: 20200527
car: magotan1
coord: CAMERA_FRONT_CENTER
model: FISHEYE
fx: 951.820266550165
fy: 959.0666411454466
cx: 937.8655301522108
cy: 578.7147015306515
skew: 0
k1: -0.02510094323982997
k2: -0.03645989760996506
p1: 0
p2: 0
k3: 0.03535042510330375
k4: -0.01342077097936027
k5: 0
k6: 0
width: 1920
height: 1020
