dataset: 20200527
car: magotan1
coord: CAMERA_FRONT_CENTER
model: PINHOLE
fx: 4039.683294298916
fy: 4063.871654063646
cx: 926.8291768288265
cy: 537.6967680174729
skew: 0
k1: -0.1679675494890218
k2: -0.1380881283538507
p1: 0.002416533093753291
p2: -0.0004325987394937089
k3: 6.266103987725217
k4: 0
k5: 0
k6: 0
width: 1920
height: 1020
