dataset: 20200527
car: magotan1
coord: CAMERA_FRONT_RIGHT
model: FISHEYE
fx: 952.6009315876747
fy: 952.5326454225569
cx: 972.0557857079939
cy: 570.0377981830861
skew: 0
k1: -0.03908666988049798
k2: 0.002498974933615226
p1: 0
p2: 0
k3: -0.005792524158175365
k4: 0.001521428193381485
k5: 0
k6: 0
width: 1920
height: 1020
