dataset: "2020-05-27"
car: "Magotan1"
parent_frame_id: BODY
child_frame_id: NOVATEL
x: 0.020
y: 0
z: 0.260
qw: 0.7071067811865476
qx: 0
qy: 0
qz: -0.7071067811865475
