dataset: 20200602
car: M1
parent_frame_id: VLP_FRONT_LEFT
child_frame_id: VLP_FRONT_LEFT
x: -0.1118378475697143
y: -0.6514228945756217
z: -0.7352413457743014
qw: 0.01225158980228209
qx: -0.007019697657761352
qy: -0.6419501077449699
qz: 0.7666163848746856