dataset: 20200609
car: M1
parent_frame_id: VLP_FRONT_LEFT
child_frame_id: CAMERA_FRONT_CENTER
x: -0.09003362939699829
y: -0.8392118705325901
z: -0.5148365859154828
qw: -0.01225158980228209
qx: -0.007019697657761352
qy: -0.6419501077449699
qz: 0.7666163848746856