dataset: 20200602
car: M1
parent_frame_id: VLP_FRONT_LEFT
child_frame_id: VLP_FRONT_LEFT
x: -1.309212805062797
y: -0.9167292225418773
z: 0.2682949947402975
qw: 0.6866211585616228
qx: 0.6814973168711748
qy: -0.1686776353370994
qz: 0.1888402686133688