dataset: 20200609
car: M1
parent_frame_id: VLP_FRONT_LEFT
child_frame_id: CAMERA_FRONT_LEFT
x: 1.037102843076233
y: -0.8746830814069866
z: -0.8864310692822667
qw: 0.6866211585616226
qx: -0.6814973168711749
qy: 0.1686776353370994
qz: -0.1888402686133689