dataset: 20200602
car: M1
parent_frame_id: VLP_FRONT_LEFT
child_frame_id: VLP_FRONT_LEFT
x: 0.1455635568780501
y: -0.5114650263082511
z: -0.8574439496990329
qw: -0.02255663939065221
qx: -0.02836987394989317
qy: 0.7090433359536576
qz: -0.7042328421844413