dataset: 20200609
car: M1
parent_frame_id: VLP_FRONT_LEFT
child_frame_id: CAMERA_FRONT_RIGHT
x: -0.8875701283703382
y: -0.9608382143000355
z: -0.8909065117445139
qw: 0.7000309776074403
qx: -0.6876706652835878
qy: -0.1360907812266081
qz: 0.1361799756334635