dataset: 20200602
car: M1
parent_frame_id: VLP_FRONT_LEFT
child_frame_id: VLP_FRONT_LEFT
x: 1.187696393446518
y: -0.8774098669685297
z: 0.5694158601969205
qw: 0.7000309776074404
qx: 0.6876706652835879
qy: 0.1360907812266081
qz: -0.1361799756334635