dataset: "20200527"
car: "M01"
parent_frame_id: CAMERA_FRONT_LEFT
child_frame_id: VLP_FRONT_LEFT
x: -0.7852851722608097
y: -0.6939318497241471
z: 0.3955688133412507
qw: 0.7469273638845457
qx: 0.4678635735695183
qy: 0.402244188888535
qz: -0.2477958880059312
