dataset: "20200527"
car: "M01"
parent_frame_id: CAMERA_FRONT_LEFT
child_frame_id: VLP_FRONT_LEFT
x: -0.3697830701463152
y: -0.3094699010039645
z: -0.6731797860177552
qw: 0.5910909424163444
qx: 0.3857689885329181
qy: -0.5944983118529878
qz: 0.385182479460833
