dataset: "20200527"
car: "M01"
parent_frame_id: CAMERA_FRONT_CENTER
child_frame_id: VLP_FRONT_LEFT
x: -0.6302538393477615
y: -0.4072049422721398
z: -0.6259714510606931
qw: 0.609976993717836
qx: 0.3083668682352191
qy: -0.5809727601068538
qz: 0.4419373187722194
