dataset: "20200527"
car: "M01"
parent_frame_id: CAMERA_FRONT_RIGHT
child_frame_id: VLP_FRONT_LEFT
x: 1.618682890202943
y: -0.6743664374491697
z: 0.2327239179234445
qw: 0.4974225862715378
qx: 0.3149048409080328
qy: 0.6767561321232841
qz: -0.4420484695971166
