dataset: 20200602
car: M1
parent_frame_id: VLP_FRONT_LEFT
child_frame_id: VLP_FRONT_LEFT
x: 0.5255405712287062
y: -0.1453629619457475
z: -0.2073985919340082
qw: 0.7170604613390359
qx: -0.1536216892091133
qy: 0.1449555967929138
qz: -0.6642383204447015